1001792558337593347
1001932871559516160
1002249814808055808
1002376470986096643
1002438490854916097
1002778975
100325421
1004174451682959360
1004545237585408006
100538334
1005638854592917504
1006419421244678144
1007506423
1007838042944499714
10078
100825640
1008826250758983681
1011373901472059392
1011387798518157312
1011515153291137025
101223391
101354595
101564790
101679285
101688983
101848693
1018953150907154432
101897322
101951330
1019702371247689729
1019794981911814144
1020111153953898496
102071743
102154232
102161627
1021969029773152256
102278356
102385629
102402496
102539066
102659192
1027557700501164033
1028631
1029404798968373252
1029489977925804032
10302222
1030466162541449216
103352755
1035418272764715008
1035569566737485824
1036111
103761819
1039885348560678912
1040258918168113152
104063340
1041044330092195840
1041785194095816704
1041961775242141696
104205954
104237736
104246788
1043150196341989376
1045061231663566848
1045110018
1045783877657276418
1048784496
104914594
104969057
1050111
10502642
10503302
1050333129272188928
1051127714
1051171
1051396218
105184282
1051852534518824960
105196298
105324927
105325168
1054141644772003840
105520076
1055515873
10579022
1059273780
1061009601355829255
106109075
106204123
106261502
1062812681730543617
1064031036
106504553
106511987
1065458886885273600
1067078108749197312
1067748650485497862
1067826316622405633
1067925193249759233
1068273911224094721
1068481578
1068831
1070083706822438912
1071767384
1072134139560620033
107225267
107391777
1074129612
1074518754
1074782372594413569
1075080722241736704
1075866219465637888
1075904377221722113
1076321802509565953
1077214808
1078044674
1078693601356509184
1078771401497161728
1079555645291065344
1079769536730140672
10798802
1080191866509901826
1080218797150212096
1080275878771388416
1080753187
1080894931311431682
1080898026418384897
1081222837459996672
1082416697380913152
108347218
10834752
108388673
1085355385186324482
108617810
1086268669368270849
1086709184874377217
108713959
1089859058
108993692
1089965301100204032
1089969238402580481
1091424204619055104
109298652
1093090866
1094762324097822720
1095095294033829888
1096059529
1096342924009398273
109647445
109865196
1098682130702520321
1099199839
1100520274200416256
1100949025
11026952
1104060854872481792
1104425378
110445334
1105184679341088768
110541296
110542860
1106321031566893057
110789343
1108050829393707008
110827653
1110634631316099075
11107172
111113352
111141045
111456333
1115115760429490176
1115148079
1115285381598076929
1115348904
111557626
1115701886
111614382
111717026
11178672
11178902
1118741347
1119674864221204480
1121799138239111168
1122858397639041027
112445679
1124740950809612288
1126834325155041282
1127955844786733060
1128886760
1129442410323423238
1129901605443317760
113061485
1134059457191776257
11344462
11347122
11348282
113537573
1135486501
1137100464997015552
1137161258
1139957672525086726
1140738177277321221
11417802
1142573367024861186
1143042392934797314
1143679089078886400
11447852
114547989
1147844713
1148206310921392128
114851409
114870265
1149158839922712577
1149958216731770880
1150607567447396352
115087241
115105973
1151773604
1153490881741148160
1153677382936616960
11537352
1157016455470182400
115763654
1157823164552044544
1159116954575233024
11591662
1159259219662495744
115979444
1159900192298041345
116067509
1161442118
1164672882
116579971
1166020692271423488
1166642562
1166799518433796097
116763916
1168604019176198144
1169179324664205313
116994659
1170469860
1170625394497794048
1171109054
117294809
117338050
11738572
11740902
117460426
1175221
1175583733178601477
11757522
117576219
1176
1178081100985507840
117874896
1178816260093747200
1179418449614950401
1179460897154174976
1180175445557436416
1181623999152963584
1182467619946991617
1182675871
1183430706787180544
1183718232949186560
118409104
11844
118567880
1186267073875333120
118756393
1187763794
1187820207986921472
1189487223642697728
1189707959850426373
1190051
1190345787785564163
119135103
1192231830
1194477214739259392
1195131122939658240
1198406491
1199812749469126657
1201427034754318337
1203162448494129153
1204097972
12044602
1204799683169787905
1205226529455632385
1205322793
1205344715673100289
12061032
1207804354075471873
121160920
1213132210783416321
121413335
1215027737498271745
1215063412478103552
1215382042772307968
121544946
1217202550933377024
121812725
121830942
1220645714
122080635
12212
122130797
1222441861
1222534897438547971
122533830
1228181
1228516999
1229519647885664258
1230869094620172290
123122671
1231406720
1231542794021412864
1231971733634072577
1232009632488382468
1232718849868304384
123273554
123274701
12331792
123323498
1235254448793976832
1237411
1238632311362654211
1242015104226320384
124237063
1242624545539809280
1242869222428073986
124346782
1244223897559580672
1245987024445849602
1249742262155780096
1249841814695264263
1250757636850618368
125422180
125453969
125481462
1254840475619594240
1254896174
1255797938174877696
1257364230178775040
125752523
125767077
1258091656093417472
1258289064
1258465398544125959
126048399
1262774166077485057
1265123701814517762
1266418658521362432
1266438079272964096
126722715
1267576394411843585
1267842631
1268518472331526145
1269460218305564672
1272383048164626434
1273006772496859142
1273064856
1273305944902873089
1273566082381602816
1274751597881458692
1275207659596263424
127560228
1275701432
1275824260091719682
1277529632
1278033357335494656
1278815083020324865
1279551125264445448
1280215786418851842
1281456714898739202
1282121312
128216170
1283514174228901888
1284417770994700288
1285027406961610757
1285358566300237826
1285370896258039820
12858
1286098453127340032
1287562216212856832
12889162
12901712
1291784927705354240
1292497917073391618
1293796815372840961
1294380534496468992
129588394
1296219829695905792
1296618483203993600
1297323430618918917
129827553
1298473079216074754
129917845
1302270433312600065
130496027
130557513
130585626
130617778
1306199515
130636009
130901013
130922325
1309423401929449472
1309590560106217475
131351549
131358780
131482972
1314901384240693249
131497030
131632349
1318279609612267520
1319036828964454402
1320507940348981250
1322909970975936516
1322953220
1323730225067339784
132496568
1325893007976124416
13284672
13292532
13298072
1329940936927838210
133033883
1330457336
1330873099424854017
1332121
1333154383278731265
1333171793201225728
1333467482
13341022
13344492
1336857062
1337199185280589826
1337365416
1337503098
133880286
1338994562090602497
1339005752544022528
13393052
1339368663732764673
1339835893
134392824
13443352
1344951
1345673238
1346194631982247943
13479
1349149096909668363
1349154719386775552
1349170292564905988
1349175483989188608
134976379
1349794218
13499622
1350150750966603777
1351234599813341187
1351234883776098311
1351237409132965896
1351279604963680261
1351284403801108481
1351292075975839746
1351293685493878786
1351299071252836352
1351302423273472012
1351311448195166208
1351341047394295808
1351341199471349761
1351358984888971265
1351716580720316417
1352064843432472578
13521702
1352287997853622273
135249573
1352760304271241218
1352971002
1353107822263889921
1354219017721032709
1354525155238801413
1354833262431133696
1354898820400877571
1354941072
1355168477422739458
1356958547603513346
1357410929001037824
1357678650
1358117090268446721
1359700774910128128
1359958479985868805
1363486252771737600
1364048807063941120
1364259892299767810
1364332024929148932
1364614306256412679
1364696119796711427
1365178280
1366206833359208451
1366410023010783249
1369343440534855681
1369572056736628736
1369635375182974979
1370004282049781760
1370049534831824901
137111921
1372581976117481479
137369407
1374747064249245705
1376161898
1377336104483835905
137752344
137757545
1378357482
1379445786396794885
137945096
1380218828920004611
1380222465012547595
1380893912
138203134
1383272101
138600717
1387214237093842946
139162440
139185720
1392171098523979776
1392956425
1393155566
139550237
1398479138
1400584788092678144
1402156691186241538
1402454911355326464
140308631
14048887
14048901
140519774
14060308
14095644
14097392
14100010
1410226626
1410832886
14112546
14130366
14130369
1413580228283314178
1414651410155655168
1415685036154650632
1416557640
141664648
14171401
141862045
14194670
14205457
142157505
1422296250
14228174
14247309
14248315
142507295
1425087408102678529
1426522898
14275426
1428484930519056390
142896252
1429374979
14303535
143052179
14308180
14327933
1433356862
14342564
14348594
143633494
14364049
14377605
14378113
14379660
14384907
143851319
143882311
1439399866506035201
14405393
14435477
1444532408485879811
14446934
14447013
1444944103
144584216
144594145
14462870
1448477400690536448
14486697
14506253
14515799
1451773004
14524814
14527141
14529929
14538949
1455246846
14553823
14575107
14592008
146123790
14615871
14636374
14642495
14647570
14652182
146569971
14677919
14681605
146978606
14698565
14702822
14710129
14738561
147510123
147589161
14761795
14763565
14772775
14777649
14780915
14800108
1480315992
14807154
14808195
1480852568
14817381
1482079020
1482242911
1482581556
14834340
148405169
14844867
14846961
14848157
148529707
14877389
1488913117
148973838
1491083406
14912485
149180925
149249831
14939981
14945165
1496970942
14971201
14982804
14992591
14996376
150078976
15012352
1501693435
150240350
15033883
150732943
15085196
15094180
15102849
15106024
15125585
15127739
15134240
15140962
15143478
15147397
15166316
15169489
151741300
151981592
15224867
15241557
1526643050
15274482
15276573
15279429
15279698
1528558014
15300187
15303985
15305044
153149305
1532061
15321506
15324851
15358651
15361570
1536811
154101116
15419652
15433452
1543391095
15439395
15447034
15454651
15458277
15459894
15461779
15464697
15467700
15472700
15478452
15492359
15552773
155547641
155650832
15568717
155784594
155823836
1558996520
15606113
156121420
15621865
15628890
15635604
156411211
15647676
156557697
1566381392
1566521
15667802
156723527
1568239549
15687962
15697358
157054525
15728242
1575236180
15757578
15764644
1577522323
15802057
15808765
15815532
158226135
15830436
15837189
158414847
15842609
158494157
15854702
15859545
15862891
158639291
1589179254
15896188
15904669
15912890
15920243
159316065
1594930087
15954997
15962096
15976705
15978244
15992174
15999501
160010755
16002107
16007812
16017475
16017924
160272734
16027546
1603263852
160347948
16045956
160460816
16047950
16051471
1605
16065256
160726522
16076032
1608564450
1609364557
161308353
16133829
16137142
161427827
16151835
16175507
16178922
16201775
16203586
162069635
16213437
16228398
16240967
16302242
16302651
16303106
16312576
16316895
16317616
16333843
16336098
16360632
16361000
1636590253
163724029
16379018
1638756846
163938138
16412099
164308831
164352756
1643665106
16455297
1645711686
16465385
16473789
16483747
16504257
16528755
1654188770
16619103
16624174
166252256
16669075
16669376
16673339
166739404
16681111
16691162
16714989
16717978
16737406
167398227
167494170
167711000
16779600
167840599
1678471
16785950
16801904
16817883
16821478
168290603
1682979354
1683540806
1688796138
16892481
168932979
16895274
16912983
169228393
16935292
169422187
169591437
169686021
16969261
169767749
17001646
17006157
17017636
1702711682
17029640
17032020
1703636814
170516973
17054003
17060015
17062358
17062849
17076218
170773142
17089636
170998795
17101724
1713118033
17133444
171485965
1715051
17158189
171598736
171610699
17179368
17202914
17220934
17226612
17229809
172408897
17248121
17266725
1727481176
172858784
172882258
17291393
17292143
17292623
17296100
1731554581
17336372
17336417
17348525
17351167
17364374
173677727
17368405
17371549
17376893
17396212
174110843
17411106
17423588
174287424
17434219
17441447
17446621
17451742
17452085
17454769
174704231
17471169
17471979
174824666
17494010
174972753
17501358
17514145
17525171
175282603
17561826
175624200
17562763
17573212
17587207
17603663
17605462
176235525
176434844
176486829
17656414
17657037
17669950
176774540
17685258
17687028
17688634
176941049
176947970
177101260
17732153
177336542
17736978
17755836
177707651
17771425
17773720
177758937
17791502
17793878
17813899
17828988
17829662
17843373
17844280
17853760
17856201
17856747
17866745
178701313
17870903
17878322
178812809
17889970
17910183
179149890
17921578
17931627
17935914
17939037
17948810
179661493
17969699
17995040
17997789
180107694
18020612
18023868
18025737
18027434
18028431
18036441
18042754
180463340
180480349
180505807
18061669
18083519
180837517
180877543
180921943
18101713
18131961
18135029
18137749
18139461
181540672
181561712
18170896
18191927
18207250
18208354
18210263
18216080
18228898
182815644
18315126
18320874
183310940
183334236
183397284
18350619
183749334
183749519
18377827
18379614
18393773
184208360
18477428
18481113
18482836
184917734
1849302408
185096297
18509818
185214623
185357705
1854401
18548221
18568492
18571346
18583722
185929050
18594504
1859566374
18604137
186154646
18622869
18638502
18645619
18653078
18671559
18686907
18691746
186936963
18695134
18704659
18713552
1871710352
18720595
187289134
1874221
18764841
187848410
188000721
18800265
188050180
18805645
1880674038
18809624
18811422
18812301
18816223
188363529
1888149452
188851362
189313442
189338783
18938604
18948541
18957524
18968985
18974089
18980276
18983793
18986695
18994661
18996798
1900784437
19016666
190242011
19026662
19032289
190404578
19067936
19077044
19078594
19078738
19080361
19084896
19110064
19119809
1912681
19152541
191666539
19174772
1917731
19203768
192164373
19216715
19224439
19232649
19235436
1924484352
19267390
19268706
192942213
193004109
19302184
1930971006
1931591990
193172825
19318314
1932662647
19329432
193299775
193422246
19357993
193732179
193929442
19402238
19405774
19409508
19425169
1944772783
19450366
1946979409
1948358738
19488683
19494203
19495015
19502995
19511813
19530624
19533512
19541556
19551156
1955771269
19562228
19566675
19568591
195788755
19600014
19606246
19619556
196235064
196259529
1963519538
19642949
1965603846
1967390456
19674502
1969426021
19697415
19700387
19705584
19723703
19725644
197263266
19731770
19733898
197496309
19750159
1979124564
19798578
19802879
19824430
19828363
19834403
19842742
19858696
19863164
19877186
19878055
19879313
19893855
19899910
19900779
199009284
19926675
19950500
19952733
19968025
19979086
199873446
19995253
20002475
20015311
200162728
200163448
20052487
20068053
20068522
20098015
20109439
20109973
20131383
20147598
20164757
201882918
20196258
20244875
20266397
20268490
20272531
20280009
20303648
2030711
20321785
20344826
20346956
20348377
20375297
204002663
20416406
204272889
20444181
204513753
20460766
20464041
20517132
20522531
20522862
205302299
205343299
205360130
20545835
20551303
205696473
20571756
205965649
20601296
20604674
20608149
20608601
20608910
20609518
206255645
20633802
20659443
20680850
20690398
206938213
20729766
20735396
20742096
20744708
20747011
20767640
20768400
20772763
20777283
207808499
20783720
20831257
20858177
20883355
209133146
209246128
20927151
209282573
209309794
20950240
20957191
20967771
20972371
209811713
209866026
20992272
2101781
210205057
210238655
21027242
21056978
21059255
21073884
21113724
21134190
21155715
21213715
21221543
21242028
21249970
21260160
21292523
212963105
21308157
21332732
21344435
213530043
21362416
21368060
213689248
21370475
21406834
214365171
21439387
21456548
21461359
21487022
2150293341
215456428
2155649270
21575700
21586418
215952307
2160074869
2160545941
21615397
21626287
216641289
21667638
2167097881
21678286
21681158
216939636
2171525126
21728303
21733692
21737042
21753847
217543151
21758143
2178012643
2179994252
2182641
21852437
2185
21865497
21871244
21872269
21878732
21879127
2188255486
21885781
21897334
21923455
219295608
2193218298
219429281
2194859436
219538130
21954529
219649937
21991753
2199948698
22031643
22050529
220517983
2205722822
2206397335
22072712
22100541
22111533
221162525
221184578
22129280
2214840878
22194330
22197926
22207520
22238188
22239898
22255654
222565407
22276141
223278961
22328171
22330739
2233154425
2233548234
2235729541
22371792
223841564
223859851
223937234
224097503
22425705
224285242
224323175
224659331
22485650
225052290
2251623492
22523087
22523741
225265639
225265843
22527552
22534863
225571767
226222147
226239804
22631477
2263437272
2263452746
2263752896
22642788
226428094
22650211
22666057
22677427
22677790
22708797
22712235
22715462
227223364
22723537
22733967
227439155
22749632
22760252
227639912
2276551987
22780471
22783222
22790881
22799750
22803302
22811937
22812754
2284377343
22870549
22873860
2287613209
228794007
2290135609
229063135
229219088
229270964
2293315159
22938914
2295044238
22952990
2296459634
22975573
23022687
23056885
2307231032
230787751
231152582
23116280
23117374
23124635
2314312269
2314443930
2314467259
23145471
23149781
23151437
2316383071
2317351705
23183918
232010910
23227706
232294292
232430517
23258865
232992031
23314049
2332657476
233364902
233693291
233783568
233842454
233906161
234068617
234128524
234374703
2343994460
23465218
2348239106
23504870
23511695
235239454
2352629311
2352660468
2354013972
23546286
2355620873
235573486
23605284
23608310
2361631088
236511574
236526490
2365943066
2365950774
2366381975
23664532
2367911
2369030473
2369335940
23727055
23734204
237637694
237763317
2377901
237876969
2379200053
23827692
2389571372
2389827277
239188281
239509985
23962323
23997410
2400284491
240049622
240169098
240184267
24024778
240449172
2404968260
2405278194
240734425
24101091
241201438
241204643
241253715
24127413
24131634
2413186568
241382835
24143392
2416252063
24167314
2417536500
24179595
24223641
2423478840
242426145
2425386383
242555999
242956863
243036743
24312293
243236419
2434051392
243418245
2435676794
2436389418
243687979
2439032786
2439626886
24411093
2441223111
2444425802
2445883045
244647486
244655353
2447662261
24483933
244882602
244984401
245039644
24516595
2451895530
24529551
2453367787
245424983
245654697
24578794
2458256605
2458414939
245891006
24599923
246054044
246233714
24624339
246312764
24647417
24655913
2471239962
247323635
247334603
24737919
2478747990
24795790
2479863260
2480268229
24807616
24815314
24818008
2482080210
24826704
2483329075
24866239
248795646
24881081
24884768
24886197
248886952
24889586
248900032
248925987
24893198
2492216180
2492917412
2493431251
249346453
2496405943
2497242884
249787913
249829698
249860126
249951632
250188760
250390335
250601094
2506748758
250831586
2508723408
25101728
2511955764
251755606
252261422
2523059760
25240468
2529045528
2530947115
25326324
2533655155
25355724
253712142
25375836
2538115178
25387735
2540794650
254119833
254201259
25422302
25432501
2543831190
2545411393
25463942
25471833
255481647
255617445
2556458020
2557037323
2557446343
255747911
2557521
255761362
255784266
255797635
25580315
25598396
25609013
256285499
25638482
2564010186
2564687209
2566375009
2566535282
256674792
25672966
25678568
256881576
2569574719
2569743630
25734277
25750434
257531131
2575552225
257834640
2579359027
258157507
25832585
258483856
2584971097
25863330
25864331
258697523
25885699
25896607
2595244026
259540958
259771124
259916079
259955953
26014699
260211154
26053643
2608064903
26085218
260864109
261023298
26119905
26127785
26137127
2613829974
26144265
2614676240
262236088
262577014
263233890
26377791
263852695
263870639
26424123
26434577
264484200
2648831197
2650057334
26508262
26535267
26536532
26548315
26572460
26585095
26588937
266080086
266212209
26641171
2665397591
26659703
266719387
26678736
2670449197
26727655
267425142
267921808
267972457
26798304
26799554
26801876
268060605
26832834
268328453
26853206
26887594
268944886
268985891
269492189
26982967
27000730
27002757
27022632
27042513
27070413
27101230
271044958
2710777944
271238068
27137896
2714654989
2715115656
27154362
27165724
271725689
27183665
271955873
2719659537
2724095695
272562079
27259037
27288119
2729784259
273066050
273283549
27332058
27357824
27419142
27431825
274374700
275400224
2755749438
27559563
276143769
27619032
276540738
2766195679
276761848
276827711
276852466
27707996
27744185
27783515
2779089336
27792033
278124059
27844479
2784858050
27877874
278981199
27901400
279237811
2794535639
2795818305
2795845802
2796910988
2798574089
2800544376
2800581040
28007091
28016732
28022091
2803305010
28035990
2804138936
28050976
2805856351
2806065448
28061932
280630809
2809645927
281025818
281268896
281278416
28131948
2815099433
28162211
28175824
2817674196
28185163
28187205
282135000
2823606154
28237955
2828045505
282875243
2832261790
2835549384
2835886194
28406270
28407599
28419276
28422142
28452854
284602053
2846982741
28483093
2850103911
28504523
285282053
2852998461
2853461537
28543349
28547310
28559480
2857479956
28583197
28585586
28601161
286234486
286339472
286871259
287111648
28720190
2875674506
287568380
28785486
28817015
2884771
28882275
28898611
28912478
2891453996
28923113
28927754
28932659
289405949
2894243436
289476502
2895317462
289548939
289602303
2899676706
2900142724
2901664000
29018269
290420458
2908506111
290890104
291199456
291615177
2916305152
291
2920014210
29201047
292289403
2922928743
2924211636
292518961
292577345
2926744705
29286670
292929271
29300352
29356057
29368993
293854663
293985831
29442193
29442313
29450962
29501253
295218901
2953177956
29549749
295712099
29589123
296065053
2961039351
29616480
29625786
2963445730
2965114979
2968451607
2969077799
2970279814
2970511
297100174
297129090
29731181
29738618
2973870195
297492186
29753405
2977083957
297754771
29778706
2981558177
2984679029
2985073927
29860364
298746436
2987510334
2987671552
2989024946
2990035924
2996337411
2997418453
29975381
29995782
3001358296
30033535
30043495
3005248797
3006323596
3007116700
3007372376
3007557487
3010731441
30133564
3014885483
301750185
301863076
301908423
3019355361
3022317094
3023974669
3029431996
3029785875
303048990
30313925
30319582
30328079
30331417
30354991
30364057
3036
30378270
303976003
3039781324
30400500
304089779
3041100573
304242146
304360642
3044716203
30453099
304679484
3047923098
30500349
305135655
3053460216
30538851
30569817
305767229
3060489838
3063032281
3064684991
3065569479
306607795
3066800573
30684332
30699754
30706978
30739842
30740747
30754682
307559555
30771432
307987983
30799188
308151547
3081982205
3082562059
308379387
308568081
30862829
308751479
308967412
30927826
30929600
30959290
3096775849
30980778
309810799
309858275
3100003486
3101588527
310172617
3102301638
3111553475
3111733301
31126587
311276757
3115275357
31161814
31173665
31174313
3118832582
31213
312681953
312860399
3129968261
313091751
31312972
31323375
31353077
31354595
313697164
3140578202
31427498
3143422488
3144044537
314875925
314934553
31509445
31514672
315390036
3154252605
31560987
3157910605
31581689
3158470088
31586578
315925065
315928920
31611298
316327930
316389142
3167257102
31692313
317225299
31730514
3180033032
31801993
318053222
3183721
318489301
3185647442
318907186
319765987
319882974
320268880
320699337
320935233
321595036
32193
32211060
32221728
32232965
3223426134
32241558
3224540611
322603418
3226351612
32263650
3229417353
32309662
32309837
3232062559
323260994
3232718934
3232850910
32372834
3237409567
3238448948
324148416
3241899294
3242072481
324701419
324703658
325171111
32519755
32540650
325541521
325719227
325830217
3265372914
32674166
32708979
3277891994
32780218
32788573
3278906401
32803753
32810447
32871086
32876210
3287911411
32889543
32891126
3290111
32913997
32948047
329746058
33009602
3301224030
330264405
3302827370
330314403
33039483
33041426
33044825
33048212
330585956
3309217392
33095274
33102454
3311113975
3313923983
331541874
3318332379
3320010078
3321044650
33215230
3321671932
3325730649
33274835
3327720838
3333055535
3337390245
33407324
3342929843
334468453
3344711285
334629775
3346820638
334767152
334921581
3350867909
33520232
3353515721
33536306
33537967
335461958
3355313961
33560249
33608041
336116660
33629288
33654011
33659233
336851461
3369416554
337065138
33796979
33813365
3381971
3383587455
33836629
33852202
3385665867
33856936
33857883
339213186
33945473
33947760
3396377531
339749749
339838202
33990088
34027831
340324914
34035826
3406501643
341075360
34113439
341315254
34143985
341894467
3420477195
342058546
342327238
342436012
34258758
34271333
342863309
3429950987
34303729
34315622
34316788
343437542
3440225056
344143995
34430522
344538987
34479201
34487135
34523528
34571893
346197350
34664371
346948406
34701524
34713362
347493157
347501126
347532154
34759567
347858695
34862549
34868965
34870192
349108588
349347318
34935679
34935691
34991375
34992991
34
3511430425
35121067
351623790
35175054
3518191815
35206553
35214545
352673744
35270579
35304791
35341530
353422065
353541134
35369214
35375176
354161158
35428225
354378085
3546822388
354849395
35574403
355830683
35586563
35598137
35598529
35621150
356382421
356408677
35656817
356885109
35747467
35773039
35797979
35851209
358566293
358830002
35912403
359831209
35990109
3601101676
36043359
361270172
361434290
36177363
3620803812
3622368202
36236874
362642209
363264237
36339024
363708415
364132005
36434049
36442519
3646911
36544954
36551620
36589303
3659641456
36609985
3669881952
36711022
3675000200
36768736
3676917916
368148234
36819990
3687721995
369187012
369207286
3697178175
369788077
36989400
370031096
37007274
37041552
37046756
37048677
370879693
371017223
371539066
37158381
37206089
3722667916
37228455
37254334
372891057
373416209
373551099
374858898
37590426
376306045
37669435
37677496
37683200
377001076
37709675
377535967
37754861
377667323
37785849
3780315496
378204950
37820650
378223565
378643551
37868953
37982492
38032945
380386139
38095264
381573749
38217974
38223382
382295194
38241499
38349184
383493565
38364808
3840
384238210
38430500
384464244
384678464
38489678
384923143
38495835
38505015
385371450
38542274
38611183
386126477
386127157
386174474
386589506
386766498
386990155
3880760903
388402428
388426142
388500413
388513351
388555493
389132591
38934368
389770689
38989927
39000115
390039185
39016635
390232813
3908301134
390921018
391037985
391166100
39155029
391567952
39159473
39187465
392074087
392441192
392447726
39244806
39250316
39253470
39257839
39279821
392984820
39310289
39348006
393562221
39364684
394060363
3942597494
39433822
39451537
394797065
394841852
3949525095
394976672
39546218
39585367
39596678
39600562
396201751
39622472
396764237
397356108
39773566
39783176
398092540
398490298
39858914
39909568
399669798
39992605
39996313
399966121
4001272947
40037388
40047360
40051906
40053266
4005899697
40100270
401297065
40156330
40174491
402472046
40273
402779504
40279063
403401974
40360844
40384004
40390377
40423026
404410961
40507256
405124125
405162824
40537832
40538417
405737339
40592679
40619073
40631172
40704916
40713197
40721350
40725890
407624682
4081039273
408806531
408902268
40917111
40924449
40933630
409381673
409486555
41023170
410605574
41154223
41205833
41215859
412277058
41252600
4126372845
412682928
413223602
4133204999
41383366
414082800
41429368
41451204
41481041
41507723
41510947
41512685
41538363
41621503
41653404
416963802
41704133
41761325
41762903
41768200
417802349
41814169
4185877812
41861751
41868331
41869703
41874092
419048186
419078608
41941076
41947457
41947907
41948892
41949832
419520517
41952560
41952875
41956408
41957444
4203690225
420419326
42048990
42058763
4206492575
4207961
42090302
42092580
42104294
42114845
42124937
42125175
42126559
42129805
42131275
42132567
42134360
42135594
42135765
42136758
42139449
42143349
42144448
42144477
42146162
42148456
42174783
42308384
42308526
42317666
42320409
42330831
42334175
423520876
42389136
4244271647
42487860
427056357
4273224434
42813442
42954646
42982250
43008388
430250670
431765325
43199901
43360950
43383705
435331179
4356430036
43593
43641364
436826287
43950575
4398626122
440469358
441485351
44177383
44385628
44399117
4443419544
4445766373
44506183
4456594039
445915120
44621097
44639009
446443786
44653060
446719282
44747764
44908387
449151132
449349346
449588356
450074804
45009355
45055696
450562500
450897810
45126279
452232543
452653869
45323854
453319164
45371222
454099919
454127322
45499837
45586617
45596333
45608417
45722802
4572996201
458525164
45903251
45939574
459688733
459758450
460116210
460593762
461396045
46174000
46335511
46384050
464961778
466132986
46682248
46761152
467823431
46791399
46817943
469184016
4692588938
469706697
47049870
47216804
47268595
47270573
47285504
4732307967
473393426
473482855
47439741
47459700
47475039
475065033
47578715
476907667
47724293
47739450
47747074
47786101
4783690002
4786030167
478782624
479831331
48008938
48093881
48115928
481587290
4816
4832355123
4833056519
4833090921
48360831
48395270
48410093
48436234
48459821
48706026
48733366
487718304
487833518
48785884
488011724
488363583
488620840
4886365173
4888600459
4894323374
49049279
49129289
4914384040
4915133104
49160998
49168912
4917369992
49204865
4924518527
49279876
49310901
493482998
493678717
49389484
4939401
494047964
494305477
49698134
498282907
498542680
49909188
499603787
500042487
50085192
50140857
502008757
502135911
502281810
5031501
50374439
50393960
50482949
50485184
504906590
5056501
50751569
50756605
50811932
50940456
510592186
51131004
511402689
51189120
51191682
51228911
51241574
512603747
513350418
513382793
515822213
515865890
516183453
517817030
517842200
51810661
51837775
518700708
520445177
521027627
521453852
521747968
52180914
522282462
522538187
52378533
52401341
524545961
52487302
52548122
52551600
525785424
52596376
52712735
52855610
529140270
52920970
53048284
53110793
53176629
53180898
53225826
53269717
534287404
535284392
535371499
53660409
53715420
53717630
5392522
5402612
541394853
541811858
54203238
54208274
543263705
543329854
544531608
5446532
545107258
54546430
54617733
547062997
54708509
54799147
548849289
5502392
550270216
55049166
55117855
55133916
552121630
55264651
55334133
553780392
55458823
554767635
55525953
55536898
555448499
555473643
556151596
5568612
556977225
55988606
560023254
560485994
5612432
561390333
561441123
561516853
56181543
562381032
5637562
563778761
564303265
564548453
56497037
56536465
5656302
56616220
566341488
56688840
567508925
567801449
56792300
56828100
568391226
56879674
56927066
5694822
5695032
569545591
570220198
57041360
570503
57140033
572193767
57338175
57371662
574023889
57457042
57523002
57606334
576675214
5768872
57711417
57790392
578641879
579340322
579747564
580097412
581367165
58166411
58370548
583938358
58448800
58527329
58539315
5854882
58579942
586032653
586892658
586960773
586
58761822
58987684
59131660
59167863
591940979
59196522
59249583
59268383
59274071
593289567
59348535
5939732
5943622
59447077
594837257
59541594
59609288
596377986
59666165
597128187
5972632
59805816
59880544
59924621
59949396
60180322
602317143
602993818
60308942
60407498
604840570
605012771
605106202
6052172
606912234
607534106
60919240
610659001
610919499
611941828
61311905
6135982
613712440
61409422
6144162
61550723
615726844
61582966
61636488
617266600
618300542
618351461
618379349
61838384
61853389
619278612
6211972
621457277
621573
62290422
624056226
625733783
62591681
626009716
62603893
626703
627330764
62807762
63188873
6327492
63302020
633980404
633985098
6344242
63625887
64013177
64266324
6427882
6428702
64418345
64488804
64557153
6466252
64834717
64862896
65045121
65134016
65277959
65289126
65330268
6535212
65375759
6539592
65544386
65647594
65686302
6573352
65746177
657863
6585222
66222723
66235033
664083
66590132
667563
66808543
66873399
6705042
67324224
67351481
67431944
67647597
67727882
67917365
68263746
685513
68746721
68766630
69004966
692023
69218324
69295996
69351991
6941
69480815
69554907
69587719
69904257
69986363
70025104
701725963
701750402786717696
702531449061306368
702681198095564801
702785870710095872
704085244534726656
70478255
706196814
70722719
70760148
708230236635340800
70957640
709979651934961666
710568289
71093106
71294756
71322014
71390684
714614269032198144
714845470695100416
714891474
7152302
7165142
717381317
7177512
718495181914316801
719185333
72048952
721162309
72198806
722117494899679232
722242009
722372101
72423061
724622018
725414039237578753
725869517721718784
726190259189354497
7267562
72831048
728498424266543105
72862939
728662277696552960
728685220040351744
72899120
729468343
730078049878745088
730429441
73119546
7313362
73224138
732606613878513669
732796657
734492654755577858
735234698180493314
735610375635230720
735806136
736042213138796546
73754019
737594228599980039
7376892
737719829579345920
73834352
739119366
73992972
740333047724298240
74035510
7403862
740808785070018561
741342590918754304
7415132
742143
744015781
74446706
744668911434530816
74478182
74479317
745595930557177856
745600340
746030261842903041
74669397
748266543641989121
74921459
750324588
750751206427860992
75123
751510293746839552
751533226942922752
75209239
752515231474212864
75267128
752699972584345600
75296671
753617640355012608
753692879499976705
754330860405547008
754500
75459612
754604381048344576
755554987007209472
757033212
75785294
7586362
759251
75927392
759481842814726144
759568438008291328
75974281
760284345466707968
760345658
76059158
761628
76337854
76348185
763582267033849862
76376525
763766437
76389527
76456274
764856837199892481
76554996
76564891
766764875733434368
76688036
76691987
76692861
76715676
76723247
76771090
76912302
76997832
770000421268099072
77005238
770121222
77062830
77064180
77117012
7713202
772111724258336768
77231473
772644827515146240
774086473507282944
774328791606767617
774510134
774852567696150529
7748752
775175696645623808
775520790355726341
7758132
776198324747575297
776561377720668160
776585502606721024
77710865
777976063
778713354835636224
77889726
778995402
78071252
78139444
78194111
781961899835437056
783541488
78366205
783792992
78381435
78403308
78419512
7842902
784330248
78445977
78449750
7845362
78495596
78525538
785562060969111552
78599720
786314316001579008
78671324
78683448
787149253302812672
78723806
787239
787373558
78791558
788363167
788467623629500416
78890225
79089810
79293791
79309628
79312312
7944952
795080071434252288
795109374121439232
796235060
796831421641981952
797215112213897216
797738947564564480
797785296532373504
799047255378391040
80043764
80094297
80269547
803694179079458816
804816624
805876772180852736
80617430
806862084277407744
807095
807689196
808823195298103297
80944765
809736656
810585618031984640
811350
81163402
812383935342649344
813286
813706050478084097
813772855586471937
814179031956488192
81434960
8143682
814844446051274754
815425303707316224
815966620300480514
816059473676496896
816181091673448448
816277272013537280
816284664658874368
816291044325261312
816298918468259841
816305914282029056
81655994
816833925456789505
816869611480186880
817050219007328258
817062
817076257770835968
817970
818282957618216960
81859001
818713465653051392
818876014390603776
818951367037329408
81961201
819998194100621312
820354372827758592
820378690920058880
82066670
82071751
820830366713991168
821172724701786112
821419495730401281
821784477076750338
822086949552918529
822517901294845953
822825713615175680
822858
822894547
823307478360150018
823367916217389056
823860
824677949924192258
825052371583696896
825088332170305536
825136137341513728
8251812
82542317
82652901
82717508
8287602
829061809135030272
8291622
82939583
829472580495085568
829661114137006080
8308762
830885936485523459
831200535831310336
831511431912816640
83237054
833057665
833375803333283841
833544464
834081571493785600
836016698
837693559
837764365
837811670
838129357
838429136326549504
839082095142019072
8392632
841709695
842164502422417409
842596570189234176
84358766
8442372
846353368142544896
846628463377305600
8468542
84757386
849322598072811523
84944278
84957890
8496762
849835616
851300214
851477335052140544
851773048973807617
851808935397011456
851925989512761344
85364226
8541582
8550312
855063326
855318254
85603854
85605334
85606078
85647465
859146631505211394
85945067
859816394556284929
86002394
860158302
860339384721313792
860514978
86096933
863846020266020864
86390214
864674587518287872
865464606
86875419
87017281
870324519788879872
870364054044520448
870506327897890820
871586563
871786657564966912
872145614016065536
87222643
87318558
874401319171178496
874904274
875809153
876452779
876993563392843776
87768088
877817431
877908722
88012558
88019711
88040819
880430796
880439552
881650677797330944
883019018436845570
88315048
88350701
88353894
884839252382461952
88507556
885553444232278017
885976759002439682
887464646
887468509021732865
88749392
887678591701594114
888050280
889170992278515712
890216977
89035117
8903862
890958751
89243319
892826509622353920
894552380
89485413
89503894
8953122
895324666000166914
895489494400368640
897107358572269569
89743502
898565402346827779
89887215
89898430
899978622416695297
90169053
90258002
903621360
903778739909267456
90420314
905158770107568133
906129074594172933
90639372
906659574224228354
90694084
90728139
907616377221079040
908576143975919616
910492003359760384
912359571947085824
912384341631791105
912487528875347968
914588454
91478624
915299296198692864
91584999
919373695
9207632
921151500067463168
921179327097638913
92128097
92475625
92626894
926620369
9273802
927604589909733376
927961520146960384
929880721367404544
930552552302792705
930632276890832896
93069110
93121635
931614483050414080
9340912
934205885492051968
9342312
935013558
93654953
937071079
937301689
937499232
93753088
938827211557294081
939091
939570735059783682
94010830
941000686275387392
942156122
944005227300179968
945330031026466818
946549322
946801943850246145
9500242
950757271411175425
95092020
95245167
95431448
95493980
95610041
957103487338405889
958115621476225024
958435057
95869752
958794005713530881
95978500
95981083
960218275308298241
960571389626400768
96184413
962197608
962885028488368128
964635660
964756135
965266179836252161
966087015568723968
966331862204510209
966413871857598464
96668306
966889438637826048
968153029949222914
96886774
97040343
97082147
9729502
97498167
974991379
975843959586086918
976542720
976878482314727425
984856676875382784
984958428530593793
9864482
98906881
990317363915579392
991141136
991745802
996307292478898176
9963832
9964362
99961254
999685683148095489
