946549322
163724029
737594228599980039
797738947564564480
25609013
8953122
40725890
70722719
95245167
1292497917073391618
2497242884
813706050478084097
2613829974
16779600
5056501
21461359
88315048
47786101
41451204
252261422
80617430
3023974669
15241557
1228516999
286871259
14130369
90258002
718495181914316801
31126587
499603787
26053643
22799750
356885109
26801876
3290111
28927754
815966620300480514
243036743
12061032
17054003
14515799
535371499
33852202
243418245
239509985
183397284
1249841814695264263
48785884
2533655155
266080086
69480815
30453099
829061809135030272
1194477214739259392
619278612
19723703
22642788
494047964
1170625394497794048
23465218
1337199185280589826
113537573
19858696
113061485
18477428
939091
831200535831310336
243687979
37754861
28720190
522538187
111557626
3183721
3010731441
45055696
30959290
502008757
42048990
26727655
722242009
24578794
1273305944902873089
883019018436845570
1364614306256412679
1678471
19842742
502135911
42135765
1230869094620172290
446443786
33048212
543329854
37254334
353422065
31323375
774852567696150529
116067509
41621503
1002249814808055808
26887594